2586
1055
106
2468
2413
1600
2464
794
3021
3543
1073
1084
926
642
501
4066
333
4684
1962
4842
4866
1755
2515
4966
2099
29
838
3773
2659
4628
2451
2846
1144
1103
168
1670
2377
4395
23
2215
4724
1907
84
1001
2138
711
2801
3321
3181
3024
3849
468
1295
2940
373
1553
2131
4439
248
1406
4209
742
2323
3601
240
1370
4816
2280
4749
2220
4771
2819
4256
3107
1375
3968
4062
4445
179
3698
3821
4878
3899
3238
2575
3907
4673
1860
8
2894
2104
1128
1590
2029
1807
3039
3289
4074
3496
279
3570
3684
3661
530
681
3794
3944
2018
2805
3829
4381
2767
2194
2357
3425
3979
911
999
4076
2370
4838
33
1020
3274
1620
2707
3774
1255
230
3276
2754
633
1831
2178
2275
3525
426
1589
4483
1485
2480
676
12
1833
3248
731
1231
1934
491
2962
2329
3064
657
4264
3225
1405
2876
2826
287
3114
3625
2312
1618
2642
3911
3044
416
977
2417
4152
4255
3941
4148
1183
805
555
3825
4253
2221
3504
3654
4758
3006
2093
2187
3036
1272
290
4827
3245
1187
3729
2236
429
4463
2031
2232
4120
3235
1029
4310
2292
1323
1550
1242
4625
3116
69
859
2753
1632
1650
3860
1074
787
2605
3630
387
2882
3197
410
4212
4975
599
1434
4996
538
721
4410
2053
3912
3673
2561
1723
1654
2328
4613
221
93
2609
4686
2164
3668
1258
1451
3316
2559
3574
2680
4651
4811
2964
561
2817
2758
724
219
4139
3347
3970
4707
210
1433
544
1612
3550
3779
135
4480
47
1534
2004
61
95
4359
1101
322
4254
3142
3537
1149
3617
3749
3586
4810
4534
4172
4005
3256
584
4920
4800
3240
2111
1174
4862
3811
2614
3866
2416
70
4024
3250
4545
3921
4519
2100
807
4743
3750
1362
4581
3109
1876
881
4510
624
2796
4291
4968
1456
746
17
3253
4405
4719
1505
1965
598
238
810
1094
4324
4760
2295
3705
2531
2297
3828
1204
1047
51
3651
1044
3857
443
195
1115
1945
3247
3002
3095
2922
644
4093
120
4258
4334
4691
1954
2463
184
2276
2669
4861
251
3559
1507
3333
567
1371
4769
776
4877
602
3263
274
2664
549
3641
4053
605
896
527
4607
3439
3922
298
2536
4203
3254
1558
3269
4046
1010
2794
1870
2229
1832
3853
2240
4012
1344
2505
1721
175
1909
45
3409
4674
1075
2829
2309
1436
3098
4588
283
842
1513
1592
3460
3165
2284
3575
4942
3053
927
1209
3545
4898
3393
4981
718
2702
308
1675
366
4846
4479
1322
2521
218
438
2750
3433
3688
802
4785
582
203
4346
3478
3085
1281
517
4652
3026
4932
3286
4453
3192
3375
759
3379
4440
2526
4858
907
2683
214
4458
1503
2414
2118
3858
2462
4105
196
1330
4502
3894
4990
887
68
4210
568
96
4181
3353
139
4772
1606
1629
1539
1694
463
3043
594
625
1499
4722
1034
3518
3624
4664
1420
2011
1786
2925
3227
3754
4849
4939
944
1268
4231
4424
4711
2313
3214
4227
3671
4793
1743
3948
2024
99
3407
4245
4619
191
4696
1784
1532
4444
1779
2574
3398
3770
1479
1024
1788
2473
1220
1666
2960
152
2534
2807
4822
1566
1215
1937
4901
205
2673
3830
305
3793
1061
843
3872
679
565
4354
680
180
4279
2495
2316
4273
278
4762
432
1027
3631
3915
270
1728
4075
3931
111
220
627
3381
2422
4275
551
198
402
3959
4763
2900
4462
1480
3065
314
4909
960
4999
3194
3007
1897
1918
1270
4962
4883
4094
1813
2426
3950
4428
2142
1626
789
3786
1864
73
1752
4693
4575
3809
3130
4321
1164
3734
1730
618
3593
1221
2073
3410
1042
356
1438
4940
3639
3365
3694
3667
1849
3265
445
452
4434
3628
247
360
4656
1614
2303
3168
2478
4214
4884
3163
490
4230
506
2677
2995
1222
3423
1877
4672
433
2364
3154
3162
1102
1448
4518
3842
2978
1773
615
643
1068
4154
4239
330
2191
2915
3898
1919
755
518
3803
2937
3459
3755
3493
2949
857
2266
408
540
2304
613
2101
1161
4225
1610
3027
4247
2630
1835
4928
4207
1172
1427
325
3319
4721
3864
1196
1374
1189
328
3882
4791
4529
4234
1593
3312
1545
4336
1023
1971
2850
1684
4553
1767
174
1554
4215
3720
2233
1789
3188
2436
611
3711
2063
4435
3128
817
1859
1119
4197
1616
353
4557
2022
3690
2555
3048
259
1519
4739
4353
52
2344
1097
1046
30
725
4961
4718
4222
4443
2287
4597
903
3620
3231
1564
2704
1912
1840
2115
4437
1146
2486
1526
1765
1407
801
2615
2318
256
1151
647
2908
1702
3768
1315
2269
1966
2465
3855
1350
3296
112
1393
3071
56
1309
695
2952
1726
319
4320
682
3841
3213
2002
1888
2337
2520
2277
2127
3499
336
2771
4404
2290
1672
4083
4250
4113
4408
3366
1488
498
4382
2581
2921
2644
4286
4886
4219
3063
4365
2638
4265
2656
1736
1163
3362
63
2592
2757
3076
2998
2815
4958
3204
1237
2643
272
2226
2441
3326
908
2114
835
358
138
4446
761
2550
2086
3999
3615
1402
2955
108
2827
4747
58
796
368
785
3384
3605
1902
121
2369
3728
124
2572
3441
4108
1178
3469
3467
2227
925
2145
1411
1509
4072
3885
324
3977
3576
2211
3035
1498
1502
1467
3167
2267
3808
4584
3422
439
1313
1943
4610
4080
2518
4037
2640
194
1474
4616
1211
1657
2700
3082
4226
2842
1130
1461
2222
2331
1302
222
1924
573
1236
3544
2133
1334
2457
418
4914
257
386
4013
4335
3515
1839
1563
1400
712
2420
209
449
4091
1820
1995
2741
411
3978
2379
4311
3702
3972
4765
1992
1176
3528
2045
1263
2881
3203
4278
3299
4993
1643
4505
4116
3733
1064
3080
818
1812
1552
816
4552
2874
4347
2726
864
554
1159
1213
48
4409
4195
2389
866
2432
2629
729
4759
2471
3491
346
1185
4006
4669
1964
1429
3712
4952
1846
131
2098
3949
2373
604
25
3868
173
1611
1454
342
479
3783
3784
4830
1892
1299
4599
4577
4937
2714
4657
4959
3595
4316
3722
3917
2678
1621
2857
1896
3014
4438
67
2580
3782
820
2991
4269
3349
397
2906
1398
1298
4507
423
1904
4538
3352
1565
839
500
141
2144
1787
3484
2019
2600
4832
967
4470
2342
1089
288
2535
4028
4621
942
3859
4708
3200
4601
4608
2867
4056
2492
2942
3845
1395
2692
3589
1758
4865
2880
268
669
4475
1910
1152
2172
612
4205
847
4251
1233
1127
1967
484
1320
3404
7
3279
1814
773
1011
2818
3275
1991
1277
3105
446
781
3388
4881
883
4783
531
4098
1727
570
3718
3000
1903
2069
1537
2346
965
528
2543
4935
572
2299
3609
4720
2755
383
852
370
4323
3946
1336
4594
4848
1422
2651
874
3339
1251
2348
581
2014
905
631
1974
4675
4068
1431
547
3334
4546
2387
4243
3995
1861
640
637
2986
921
3666
2028
2301
1642
3509
4494
4967
2184
1582
4266
2725
1775
4808
1283
4753
1836
4242
4467
2476
2583
739
3618
867
1140
541
1099
1132
4064
2715
2258
59
2883
1938
2576
4936
1078
3249
940
1080
2085
3606
1929
4489
1404
2179
4135
2858
1037
313
1036
2159
4163
2813
3207
1506
1923
448
4128
4969
1134
2155
2066
1653
4302
2325
460
1067
1430
2647
282
462
2499
234
2770
4420
2250
662
4963
4716
3193
3426
4306
3196
4835
3434
3689
1850
782
522
2837
2207
3477
4087
1882
3089
369
118
3034
3542
1613
3151
3032
4654
4236
2185
2037
1284
4603
1234
2699
435
365
4267
407
2090
86
844
4109
4396
3378
4159
3428
424
3693
104
3994
3257
2706
3659
4224
3681
1791
2355
1940
2442
4943
4796
2540
3262
4680
2260
1446
741
2293
2622
1206
509
3313
4563
2202
2566
2044
4872
3738
4162
819
1403
2148
1638
1795
4815
882
2742
4550
2130
456
1079
1950
689
2429
641
2392
1953
2748
4313
3435
3336
4766
1884
2494
3878
3856
845
3889
1979
2529
1676
1048
2530
237
3097
163
3199
3649
3396
4649
2820
1452
593
41
3244
243
1339
2780
3187
1442
1689
1725
4792
834
1866
2496
2010
340
2988
1601
3875
480
4329
3990
4473
2453
3815
4016
4677
4501
3094
3881
2562
4590
656
632
2892
3662
3307
3919
1465
2833
1494
1153
4288
4945
2196
3553
4034
3655
4280
1093
4839
1922
1764
4318
1005
1190
4631
1125
1241
4130
998
3386
2684
4989
4951
1100
649
4756
3741
630
672
1249
1584
3801
4289
3344
858
1072
719
3717
2631
4873
1660
1656
2425
3309
3305
4751
1408
3824
1475
4965
35
2345
4678
3767
349
2137
1443
3243
3836
1179
2798
1692
3956
1916
1357
786
469
50
4889
2840
4813
4419
2666
3724
890
2411
3940
303
4513
3747
664
2676
1473
3520
2132
1026
2889
3134
2149
3323
3888
304
1496
916
4182
2772
3964
850
3377
18
1637
1667
493
687
1608
3402
2408
1092
1677
1999
3258
3648
344
4482
4544
3807
3091
3961
1142
1198
1518
516
2716
3084
3623
891
2793
4238
1661
2431
3934
4303
2542
1246
216
3062
2740
1229
1008
2532
4169
1058
2166
4578
281
3565
1316
968
3920
619
3346
1742
1390
4050
1847
1579
2352
4972
1956
4455
4319
4436
3742
4145
1628
269
2966
300
3764
3839
3826
2008
4304
2365
4147
3052
2884
2340
374
3260
939
4198
4165
2799
2147
4540
636
4349
3454
1797
2979
1441
4874
1273
2467
1712
2199
2579
3380
3685
158
1748
352
4670
2140
2971
4979
2920
311
4052
4761
306
1927
1266
3285
4423
3984
3083
3025
970
13
808
514
4472
409
207
3471
2430
3657
4044
3958
3399
3144
1925
634
4805
316
1328
427
4374
105
3458
89
2918
2241
3174
3412
2163
1768
2272
1951
935
4296
2720
3960
2936
4204
1576
778
1415
165
4714
4926
2013
71
3887
394
583
1367
4987
4088
2548
4897
3003
4788
3532
1763
1259
526
377
1559
4732
2434
4166
1709
1050
590
519
4308
1083
3588
4509
1294
1809
791
4114
1855
4757
1980
3908
4984
1410
4294
2350
20
3424
2795
4572
1562
1710
1098
4161
2844
886
4931
1453
4700
2506
2994
2926
4745
906
1030
2507
947
4754
715
4055
686
2353
3551
473
2448
3757
3751
2239
3844
1265
483
4337
2963
1219
277
988
2084
1245
571
993
1349
447
3834
3703
2064
4449
3810
1690
4326
1247
588
3329
4388
2410
2719
2582
556
4358
2469
4710
3416
2604
2828
1704
2618
3935
4894
4468
1889
4622
1346
2271
3111
972
795
3020
36
4081
1274
37
974
3195
3904
4069
1418
1560
39
3883
1355
4004
4025
1290
1933
4220
159
3216
2109
2466
1596
1043
4713
1544
2736
53
2800
4086
4733
3178
3401
1389
3564
3805
1607
2611
4661
1868
1085
10
3611
1325
3390
806
3771
4235
3211
963
398
2632
4851
145
4393
3500
2050
2624
339
3879
2973
2424
3511
696
747
317
2032
957
3816
2461
545
3241
738
3780
2941
2769
920
3598
182
3033
2983
2852
4542
1121
2667
3223
1182
614
3042
934
2419
2641
726
826
1521
136
3590
390
4904
3832
1817
710
46
1561
3642
4982
1112
2513
3023
2421
4096
1799
338
215
3663
1341
1520
3640
4427
3004
4840
2322
2913
101
1458
107
3569
4122
1040
2760
2120
1524
3521
153
481
4233
4305
3562
3315
750
2670
186
4003
2723
3583
2058
1319
28
4140
3363
1386
1845
129
1599
4503
3982
2969
454
2040
1772
730
3358
587
3224
1379
3180
441
2051
3306
1781
3430
1304
3280
3186
2106
2679
2761
592
1303
4526
3947
2987
4609
1279
4899
2308
1555
4533
3190
706
3070
1939
2862
3996
81
1308
4614
914
4804
4232
329
2054
2001
822
909
2516
2538
4775
1311
1111
4547
4085
1287
4177
3680
4511
4168
3300
3310
3125
327
1790
2006
2007
4685
312
832
4717
3462
1201
4391
3547
2134
2209
1481
3714
3942
54
2972
3335
3715
946
1701
3293
2161
2549
193
3057
3246
1394
2637
768
3090
3215
4938
4448
2332
2717
4383
989
326
1724
1086
2523
688
3432
848
966
1492
3953
2203
2713
661
1002
2224
4706
1879
3572
4167
762
875
4370
4569
536
2291
936
2360
3507
201
3502
2708
1854
3030
1205
1645
1792
3367
3533
4531
126
2730
984
3281
4971
362
2349
4160
3325
4106
2116
1834
4946
94
2891
4149
3228
2853
2912
1857
2645
2243
2336
950
3068
1120
2597
2204
922
2035
2626
4818
1970
4018
3687
3054
2712
2190
1318
1863
2343
4960
2621
2898
872
3850
4787
2560
4896
3530
1908
4332
3677
4864
1994
4955
4355
1342
320
3713
2219
1673
2039
901
3744
1917
4394
4208
224
723
1141
2762
846
2551
2928
3
4170
467
5
919
1063
2590
242
1160
3735
2563
1605
1312
3448
2362
1975
2739
4844
2472
4007
4206
2158
4516
232
66
3283
1976
3086
4345
3345
4464
2797
1646
364
3287
2125
55
302
1276
2055
4143
2878
2286
1753
4351
3117
2393
3900
671
666
1887
3266
280
1719
2947
899
4850
2593
4164
3031
3579
3472
2180
4367
4261
4344
1331
1358
2150
1252
3278
3374
2814
1848
3037
388
1077
3419
2081
1823
4668
2048
4178
2724
384
4535
2152
1633
4586
3925
4158
3136
4600
797
2871
9
924
4429
3775
4136
2779
539
4498
4571
667
3019
357
2831
2783
2703
3330
3637
1396
3584
3376
1256
4807
1852
4543
1531
1996
3072
1384
894
455
4134
3602
713
2214
3141
1827
4312
1680
1856
1388
3719
2386
1540
1217
2681
1542
3301
3324
2539
3294
1062
3222
3636
3140
3577
717
1819
2502
4360
4492
1365
4558
595
2914
3766
3440
4132
4591
1571
2504
675
728
825
3267
3069
4185
2896
753
3969
2444
1066
3913
3498
2738
1568
1687
895
335
2839
3087
1015
1631
2489
3730
3251
2070
4452
4882
1635
2479
2265
2959
2141
3118
1679
4249
3147
580
4583
2849
1012
1931
1150
2838
4806
3675
4853
4738
635
4465
4142
876
3051
2660
2491
3769
1982
971
4495
3847
4131
2455
1841
537
1409
2537
3009
1686
2901
4949
3863
2733
1895
569
1816
2065
3394
3327
2975
980
699
3420
1069
2205
1243
815
4784
959
562
3436
954
2735
4903
4735
4823
1527
1300
4891
160
3234
3777
4433
2961
2200
98
3183
253
1648
4682
1154
2255
3170
4090
3108
4548
623
3369
1802
4736
1959
2976
1986
659
4282
1930
4389
3255
2777
3474
4097
4947
3581
1291
3743
3445
1998
3748
4413
709
2675
4029
1306
3302
2038
1529
4953
3627
2625
3157
3314
1059
1757
563
2790
863
1484
206
870
502
2690
1570
2731
804
3645
4875
3099
2278
3561
1495
2568
64
3884
2062
4887
1076
878
1275
995
161
1500
3843
2613
3461
3073
3943
1585
1955
3152
4014
775
1478
2824
2041
241
2363
600
646
3556
3202
1528
1899
3005
2734
189
975
2558
1082
2904
4117
4555
1184
2433
769
130
3171
3444
3092
3772
860
